mc	mn	quarterbeats	duration_qb	mc_onset	mn_onset	timesig	staff	voice	label	alt_label	globalkey	localkey	pedal	chord	numeral	form	figbass	changes	relativeroot	pedalend	cadence	phraseend	chord_type	chord_tones	added_tones	root	bass_note
1	1	4	1.0	1	1	4/2	2	1	V(6)/iv					V(6)/iv	V			6	iv				M	0, 4, -4		0	0
1	1	5	1.0	5/4	5/4	4/2	2	1	V(64)/iv					V(64)/iv	V			64	iv				M	0, -1, -4		0	0
1	1	6	1.0	3/2	3/2	4/2	2	1	V7(4)/iv					V7(4)/iv	V		7	4	iv				Mm7	0, -1, 1, -2		0	0
1	1	7	1.0	7/4	7/4	4/2	2	1	V7/iv					V7/iv	V		7		iv				Mm7	0, 4, 1, -2		0	0
2	2	8	2.0	0	0	4/2	2	1	VI/iv					VI/iv	VI				iv				M	-5, -1, -4		-5	-5
2	2	10	4.0	1/2	1/2	4/2	2	1	V6/III					V6/III	V		6		III				M	2, -1, -2		-2	2
2	2	14	2.0	3/2	3/2	4/2	2	1	III					III	III								M	-3, 1, -2		-3	-3
3	3	16	2.0	0	0	4/2	2	1	V2/vii					V2/vii	V		2		vii				Mm7	-3, -1, 3, 0		-1	-3
3	3	18	2.0	1/2	1/2	4/2	2	1	vii6					vii6	vii		6						m	-5, -1, -2		-2	-5
3	3	20	2.0	1	1	4/2	2	1	V2/VI					V2/VI	V		2		VI				Mm7	-5, -3, 1, -2		-3	-5
3	3	22	2.0	3/2	3/2	4/2	2	1	V43/vii					V43/vii	V		43		vii				Mm7	0, -3, -1, 3		-1	0
4	4	24	1.0	0	0	4/2	2	1	V(6)					V(6)	V			6					M	1, 5, -3		1	1
4	4	25	1.0	1/4	1/4	4/2	2	1	v(64)					v(64)	v			64					m	1, 0, -3		1	1
4	4	26	1.0	1/2	1/2	4/2	2	1	v(4)					v(4)	v			4					m	1, 0, 2		1	1
4	4	27	1.0	3/4	3/4	4/2	2	1	v					v	v								m	1, -2, 2		1	1
4	4	28	2.0	1	1	4/2	2	1	IV6(112)					IV6(112)	IV		6	112					M	3, 0, 1	-2	-1	3
4	4	30	2.0	3/2	3/2	4/2	2	1	IV6					IV6	IV		6						M	3, 0, -1		-1	3
5	5	32	2.0	0	0	4/2	2	1	i(64)					i(64)	i			64					m	0, -1, -4		0	0
5	5	34	2.0	1/2	1/2	4/2	2	1	i					i	i								m	0, -3, 1		0	0
5	5	36	1.0	1	1	4/2	2	1	V7/vii					V7/vii	V		7		vii				Mm7	-1, 3, 0, -3		-1	-1
5	5	37	1.0	5/4	5/4	4/2	2	1	V(64)/vii					V(64)/vii	V			64	vii				M	-1, -2, -5		-1	-1
5	5	38	1.0	3/2	3/2	4/2	2	1	V(4)/vii					V(4)/vii	V			4	vii				M	-1, -2, 0		-1	-1
5	5	39	1.0	7/4	7/4	4/2	2	1	#iio6					#iio6	#ii	o	6						o	6, 3, 9		9	6
6	6	40	6.0	0	0	4/2	2	1	I}					I	I							}	M	0, 4, 1		0	0
6	6	43	0.0	3/4	3/4	4/2	2	1	{													{					
6	6	46	1.0	3/2	3/2	4/2	2	1	vii6					vii6	vii		6						m	-5, -1, -2		-2	-5
6	6	47	1.0	7/4	7/4	4/2	2	1	I					I	I								M	0, 4, 1		0	0
7	7	48	3.0	0	0	2/2	2	1	iv					iv	iv								m	-1, -4, 0		-1	-1
7	7	51	1.0	3/4	3/4	2/2	2	1	IV					IV	IV								M	-1, 3, 0		-1	-1
8	8	52	1.0	0	0	2/2	2	1	iii6(2)					iii6(2)	iii		6	2					m	-6, -2, -1		-3	-6
8	8	53	1.0	1/4	1/4	2/2	2	1	iii6					iii6	iii		6						m	-6, -2, -3		-3	-6
8	8	54	1.0	1/2	1/2	2/2	2	1	III6					III6	III		6						M	1, -2, -3		-3	1
8	8	55	1.0	3/4	3/4	2/2	2	1	V64/IV					V64/IV	V		64		IV				M	1, 0, 4		0	1
9	9	56	2.0	0	0	2/2	2	1	IV6					IV6	IV		6						M	3, 0, -1		-1	3
9	9	58	1.0	1/2	1/2	2/2	2	1	VII6(2)					VII6(2)	VII		6	2					M	2, -1, 0		-2	2
9	9	59	1.0	3/4	3/4	2/2	2	1	VII6					VII6	VII		6						M	2, -1, -2		-2	2
10	10	60	2.0	0	0	2/2	2	1	IV6					IV6	IV		6						M	3, 0, -1		-1	3
10	10	62	2.0	1/2	1/2	2/2	2	1	I					I	I								M	0, 4, 1		0	0
11	11	64	1.0	0	0	2/2	2	1	vii6(2)					vii6(2)	vii		6	2					m	-5, -1, 0		-2	-5
11	11	65	1.0	1/4	1/4	2/2	2	1	vii6					vii6	vii		6						m	-5, -1, -2		-2	-5
11	11	66	1.0	1/2	1/2	2/2	2	1	VII6					VII6	VII		6						M	2, -1, -2		-2	2
11	11	67	1.0	3/4	3/4	2/2	2	1	ii64/iv					ii64/iv	ii		64		iv				m	2, 1, -2		1	2
12	12	68	2.0	0	0	2/2	2	1	#viio/iv					#viio/iv	#vii	o			iv				o	4, 1, -2		4	4
12	12	70	1.0	1/2	1/2	2/2	2	1	iv(9)					iv(9)	iv			9					m	-1, -4, 0	1	-1	-1
12	12	71	1.0	3/4	3/4	2/2	2	1	iv					iv	iv								m	-1, -4, 0		-1	-1
13	13	72	1.0	0	0	2/2	2	1	II	vii6				II	II								M	2, 6, 3		2	2
13	13	73	1.0	1/4	1/4	2/2	2	1	IV					IV	IV								M	-1, 3, 0		-1	-1
13	13	74	1.0	1/2	1/2	2/2	2	1	iii6(2)					iii6(2)	iii		6	2					m	-6, -2, -1		-3	-6
13	13	75	1.0	3/4	3/4	2/2	2	1	iii6					iii6	iii		6						m	-6, -2, -3		-3	-6
14	14	76	2.0	0	0	2/2	2	1	III6					III6	III		6						M	1, -2, -3		-3	1
14	14	78	4.0	1/2	1/2	2/2	2	1	VII[V/III				VII	V/III	V				III				M	-2, 2, -1		-2	-2
15	15	82	1.0	1/2	1/2	2/2	2	1	V(64)/III					V(64)/III	V			64	III				M	-2, -3, 1		-2	-2
15	15	83	1.0	3/4	3/4	2/2	2	1	V7/V/III					V7/V/III	V		7		V/III				Mm7	-1, 3, 0, -3		-1	-1
16	16	84	1.0	0	0	4/2	2	1	V(4)/III					V(4)/III	V			4	III				M	-2, -3, -1		-2	-2
16	16	85	3.0	1/4	1/4	4/2	2	1	V/III]					V/III	V				III	]			M	-2, 2, -1		-2	-2
16	16	88	2.0	1	1	4/2	2	1	III}					III	III							}	M	-3, 1, -2		-3	-3
16	16	90	2.0	3/2	3/2	4/2	2	1	i6{					i6	i		6					{	m	-3, 1, 0		0	-3
17	17	92	2.0	0	0	4/4	2	1	V2/VII					V2/VII	V		2		VII				Mm7	-3, -1, 3, 0		-1	-3
17	17	94	2.0	1/2	1/2	4/4	2	1	VII6					VII6	VII		6						M	2, -1, -2		-2	2
18	18	96	1.0	0	0	4/4	2	1	i[V7/iv				i	V7/iv	V		7		iv				Mm7	0, 4, 1, -2		0	0
18	18	97	2.0	1/4	1/4	4/4	2	1	VI6					VI6	VI		6						M	0, -3, -4		-4	0
18	18	99	1.0	3/4	3/4	4/4	2	1	#iio6					#iio6	#ii	o	6						o	6, 3, 9		9	6
19	19	100	1.0	0	0	4/4	2	1	I					I	I								M	0, 4, 1		0	0
19	19	101	1.0	1/4	1/4	4/4	2	1	V(11)/iv					V(11)/iv	V			11	iv				M	0, 4, 1	-1	0	0
19	19	102	1.0	1/2	1/2	4/4	2	1	V(4)/iv]					V(4)/iv	V			4	iv	]			M	0, -1, 1		0	0
19	19	103	1.0	3/4	3/4	4/4	2	1	V7/III					V7/III	V		7		III				Mm7	-2, 2, -1, -4		-2	-2
20	20	104	1.0	0	0	4/4	2	1	V2/IV					V2/IV	V		2		IV				Mm7	-2, 0, 4, 1		0	-2
20	20	105	1.0	1/4	1/4	4/4	2	1	IV6					IV6	IV		6						M	3, 0, -1		-1	3
20	20	106	1.0	1/2	1/2	4/4	2	1	#ii64					#ii64	#ii		64						m	10, 9, 6		9	10
20	20	107	1.0	3/4	3/4	4/4	2	1	viio6/IV					viio6/IV	vii	o	6		IV				o	1, -2, 4		4	1
21	21	108	1.0	0	0	4/4	2	1	iv[IV				iv	IV	IV								M	-1, 3, 0		-1	-1
21	21	109	0.25	1/4	1/4	4/4	2	1	i6					i6	i		6						m	-3, 1, 0		0	-3
21	21	437/4	0.75	5/16	5/16	4/4	2	1	VII6					VII6	VII		6						M	2, -1, -2		-2	2
21	21	110	1.0	1/2	1/2	4/4	2	1	VI6					VI6	VI		6						M	0, -3, -4		-4	0
21	21	111	1.0	3/4	3/4	4/4	2	1	vo6					vo6	v	o	6						o	-2, -5, 1		1	-2
22	22	112	1.0	0	0	4/4	2	1	V7/vii					V7/vii	V		7		vii				Mm7	-1, 3, 0, -3		-1	-1
22	22	113	1.0	1/4	1/4	4/4	2	1	V/vii					V/vii	V				vii				M	-1, 3, 0		-1	-1
22	22	114	0.5	1/2	1/2	4/4	2	1	IV(6)					IV(6)	IV			6					M	-1, 3, 2		-1	-1
22	22	229/2	0.5	5/8	5/8	4/4	2	1	IV(64)					IV(64)	IV			64					M	-1, -2, 2		-1	-1
22	22	115	1.0	3/4	3/4	4/4	2	1	i6					i6	i		6						m	-3, 1, 0		0	-3
23	23	116	1.0	0	0	4/4	2	1	V7/vii					V7/vii	V		7		vii				Mm7	-1, 3, 0, -3		-1	-1
23	23	117	1.0	1/4	1/4	4/4	2	1	iv(64)					iv(64)	iv			64					m	-1, -2, 2		-1	-1
23	23	118	1.0	1/2	1/2	4/4	2	1	iv(4)					iv(4)	iv			4					m	-1, -2, 0		-1	-1
23	23	119	1.0	3/4	3/4	4/4	2	1	iv					iv	iv								m	-1, -4, 0		-1	-1
24	24	120	4.0	0	0	4/4	2	1	I}					I	I							}	M	0, 4, 1		0	0
